’ ,1 LIBER 86

(111 8111111111 111111 11111 111 ,o 1Qi 1111811111
AAAAAAA 111 11111111111111191111111119111111111
-· tempo 11111111111111111111(111111111431111111,1111
11119111911111111111 ’111111111111111111111111 11111111111111111111
91111111111111 1111911111111111111 911119111111111111 W
1111111111111111111911111.119111181 11111 1111111111 11
1111111011111111118891111189119911111111111111..
1191111111 1110111111 111111 ,1,111111111111111111111111
11111,11111’11111919 1891111911 1111 s ,1111111111 81
111111191111111111919111111, 1111111111119111111
Qut} 11,11111911118111119111818111111111 1111111911·-
111 11111111 111811- 9111111111,.11911’111111811119111181101·
9111111111111111111 9111118111111111111 1111111181
111111111111111111. 811111 1111111 11118191181111111 111,
1111111111 8111111111 1111111111 con 111111119111
abe 1111 11111199 AstAAmAAAA 111111 1118111111
1191119· 1111111111111111911111111111111111111111,
»topace 1119111111811111111111191111111111191
1111181111 1111 8189111 1111111 111 us 11111111 11111111-
1111111111191111111 9111191911111111 919 11111111
11181 0’1811111111(1111111111 8111111111 mem· 11181 gAAAA
1111111111111111111 11111111111111911111, 1111111111
1111111 111111 111 11111 11111111. 811111111111 1111 1111111111
1191111111 11111111, 1111111111111 doAA (1111111111
11111191111111111111911111111111111111111111111119111
1111111111,1111·,111131111191111111111111111111 81
11111911191111111111 1111191111111111111119813
111111 1111111191 11111111 11110111 111111 1111111111
111011811111111111111,111111111111111111111111 1111111.
1111119 911111 1111191111 ,11111111 911111111111911111111119
11111111 111 11119111 1111111,1111.1911 (19111111111111991111
9111111 111111 181 A Qua 91111111 111111 11111
81181ζ ,

mm

’111119 ’

 

